605651.07 4011367.42
605597.76 4011366.91
605595.66 4011367.47
605477.94 4011398.42
605449.82 4011413.42
605449.13 4011471.67
605374.45 4011554.68
605366.38 4011590.18
605327.70 4011635.43
605317.20 4011663.18
605295.20 4011802.68
605277.01 4011835.43
605212.64 4011908.43
605147.08 4011962.46
605145.88 4011963.43
605071.70 4012010.69
604997.69 4012037.70
604901.26 4012026.44
604865.95 4012008.19
604832.89 4012010.44
604814.95 4012025.45
604811.82 4012073.70
604793.55 4012087.05
604770.76 4012103.70
604678.95 4012137.95
604652.95 4012185.95
604639.59 4012200.63
604611.76 4012231.20
604578.64 4012238.45
604529.77 4012231.15
604505.07 4012227.46
604447.14 4012188.71
604418.95 4012208.46
604438.76 4012249.46
604581.95 4012363.45
604596.83 4012389.21
604592.09 4012418.80
604572.08 4012543.71
604569.99 4012574.58
604559.71 4012726.46
604551.46 4012774.71
604534.35 4012823.04
604533.59 4012825.18
604467.28 4013012.47
604347.16 4013282.73
604282.79 4013350.48
604284.55 4013416.73
604274.61 4013439.51
604263.60 4013464.73
604180.44 4013575.89
604131.92 4013640.74
604099.61 4013792.74
604091.92 4013797.74
604089.17 4013815.49
603973.11 4013956.49
603896.50 4014199.25
603842.37 4014259.75
603813.36 4014311.89
603794.64 4014345.52
603772.24 4014385.76
603723.19 4014451.26
603669.31 4014493.76
603657.44 4014635.76
603631.50 4014678.76
603487.26 4014844.52
603442.76 4014948.27
603406.51 4015003.77
603404.54 4015005.70
603350.02 4015058.78
603234.83 4015128.53
603187.83 4015229.53
603135.65 4015343.29
603107.34 4015376.04
602992.40 4015427.79
602968.94 4015474.35
602935.09 4015541.54
602899.21 4015566.54
602888.01 4015569.15
602878.84 4015571.29
602862.65 4015586.44
602819.78 4015626.55
602691.95 4015690.46
602661.28 4015705.80
602554.28 4015732.55
602533.43 4015731.36
602445.15 4015726.30
602379.27 4015712.56
602374.53 4015682.06
602423.15 4015654.55
602433.59 4015631.81
602416.28 4015593.30
602380.77 4015585.55
602373.22 4015588.62
602352.03 4015597.25
602314.40 4015612.56
602286.09 4015642.81
602252.78 4015667.81
602094.83 4015704.07
602076.89 4015716.57
602066.21 4015762.06
602016.72 4015863.06
601988.28 4015903.32
601908.37 4015990.51
601903.28 4015996.07
601854.10 4016071.82
601831.12 4016097.72
601753.66 4016185.08
601651.21 4016264.13
601630.54 4016280.08
601610.10 4016292.58
601507.48 4016375.08
601366.85 4016449.58
601284.85 4016509.59
601228.60 4016539.34
601213.70 4016543.05
601178.29 4016551.88
601073.17 4016578.10
601042.42 4016597.85
600921.98 4016738.60
600873.49 4016760.85
600863.17 4016773.35
600862.86 4016801.81
600861.36 4016938.60
600843.24 4016968.85
600803.52 4017010.93
600750.74 4017066.86
600727.29 4017066.61
600679.61 4017066.11
600544.48 4017110.36
600513.67 4017140.62
600459.05 4017256.87
600418.30 4017269.11
600388.54 4017311.02
600330.56 4017392.63
600332.80 4017417.87
600363.18 4017430.87
600352.56 4017471.63
600276.53 4017588.87
600192.38 4017718.63
600094.57 4017834.38
600082.97 4017867.97
600068.32 4017910.39
600056.81 4017928.57
600027.01 4017975.64
599973.01 4018033.89
599853.07 4018080.89
599742.66 4018133.56
599692.20 4018157.65
599547.47 4018186.23
599447.82 4018205.90
599356.38 4018204.90
599208.51 4018256.66
599128.88 4018334.40
599072.70 4018366.91
599063.76 4018366.79
599037.14 4018366.41
599017.07 4018340.91
598987.51 4018256.65
598962.63 4018210.66
598912.25 4018169.66
598806.31 4018104.90
598778.31 4018107.16
598770.25 4018147.66
598734.25 4018187.91
598718.25 4018256.41
598646.19 4018341.92
598590.01 4018369.17
598568.07 4018394.97
598563.24 4018400.64
598553.62 4018411.95
598512.82 4018459.92
598501.20 4018591.67
598526.45 4018604.67
598557.01 4018602.67
598638.64 4018570.42
598737.83 4018556.17
598793.64 4018561.92
598850.77 4018681.92
598863.50 4018718.79
598901.44 4018828.63
598909.83 4018852.92
599135.11 4019396.43
599181.67 4019549.19
599190.31 4019634.13
599197.73 4019706.93
599217.42 4019765.68
599213.36 4019905.18
599185.24 4020148.69
599156.06 4020265.44
599153.06 4020305.94
599137.37 4020348.94
599128.21 4020357.03
599086.07 4020394.20
599083.32 4020414.45
599123.81 4020427.44
599125.58 4020432.13
599178.12 4020570.45
599190.32 4020616.20
599174.51 4020666.95
599079.56 4020757.20
599028.38 4020789.70
599026.60 4020805.85
599025.57 4020815.20
599103.32 4020904.95
599121.08 4020910.20
599165.76 4021002.20
599198.65 4021120.81
599213.97 4021176.07
599229.33 4021231.46
599233.77 4021289.96
599318.47 4021671.96
599279.97 4021709.46
599253.72 4021782.96
599254.44 4021790.78
599256.04 4021808.22
599319.23 4021834.47
599331.79 4021847.47
599332.21 4021893.52
599334.10 4022098.72
599349.98 4022276.72
599348.84 4022296.45
599343.68 4022385.98
599325.42 4022428.98
599227.61 4022544.74
599221.12 4022674.23
599208.24 4022694.23
599190.67 4022701.66
599032.12 4022768.73
598972.93 4022841.74
598948.72 4022886.89
598908.06 4022962.74
598881.81 4023041.24
598853.44 4023081.74
598807.62 4023091.24
598806.94 4023149.74
598829.44 4023182.99
598829.06 4023218.50
598790.32 4023279.00
598773.27 4023287.34
598749.44 4023299.00
598703.63 4023306.00
598690.75 4023323.75
598682.19 4023412.50
598675.45 4023423.75
598664.07 4023442.75
598623.01 4023478.00
598515.88 4023520.01
598449.25 4023572.50
598418.32 4023615.51
598333.76 4023680.51
598333.57 4023698.26
598381.70 4023711.51
598378.78 4023722.63
598376.39 4023731.77
598340.45 4023767.01
598338.18 4023780.20
598318.70 4023893.77
598300.64 4023921.52
598297.36 4023922.15
598163.21 4023948.03
598104.45 4023975.27
598088.77 4024015.78
598042.63 4024055.78
598067.45 4024104.27
598064.76 4024122.02
598036.59 4024142.03
598041.45 4024162.53
598122.15 4024219.27
598175.40 4024225.02
598203.15 4024243.02
598206.17 4024257.92
598210.40 4024278.77
598225.40 4024296.52
598225.31 4024305.92
598225.16 4024322.02
598186.59 4024364.78
598186.52 4024370.83
598186.39 4024382.53
598267.53 4024396.02
598292.78 4024409.02
598315.28 4024442.27
598317.34 4024485.53
598286.02 4024519.33
598268.47 4024538.28
598204.40 4024593.52
598203.54 4024672.29
598249.15 4024680.52
598375.53 4024802.99
598445.23 4024870.54
598444.79 4024908.52
598369.42 4025065.29
598391.11 4025174.79
598421.17 4025210.78
598433.55 4025241.29
598425.49 4025279.29
598376.36 4025360.04
598372.92 4025370.79
598365.80 4025393.04
598367.93 4025433.54
598409.81 4025551.03
598409.18 4025555.07
598407.67 4025564.90
598387.93 4025693.04
598380.12 4025698.15
598372.62 4025703.04
598336.37 4025763.54
598308.19 4025786.05
598259.94 4025785.55
598171.19 4025771.80
598158.62 4025759.05
598100.25 4025755.80
598069.87 4025742.80
598021.31 4025770.30
598008.43 4025787.81
598010.49 4025831.05
598030.12 4025894.81
598025.36 4025904.96
598017.13 4025922.56
597955.37 4025990.56
597952.62 4026013.31
598016.38 4025988.56
598021.46 4025989.41
598049.38 4025994.05
598049.01 4026024.55
598030.82 4026062.56
598035.75 4026077.81
598061.18 4026075.81
598081.62 4026063.06
598107.63 4026010.05
598145.63 4026018.05
598168.69 4026092.55
598166.07 4026219.56
598203.56 4026270.81
598213.38 4026301.31
598208.68 4026345.63
598202.07 4026407.81
598209.21 4026451.06
598287.77 4026472.31
598306.15 4026494.86
598312.83 4026503.06
598335.14 4026551.56
598339.64 4026605.06
598402.96 4026623.56
598415.52 4026633.81
598415.09 4026674.31
598499.71 4026832.81
598499.34 4026865.81
598497.29 4026871.76
598488.85 4026896.32
598419.41 4026974.07
598419.09 4027004.57
598456.72 4027048.32
598456.34 4027081.32
598420.28 4027126.56
598410.06 4027156.19
598400.11 4027185.03
598388.78 4027217.82
598389.94 4027241.98
598390.85 4027260.82
598482.29 4027261.81
598512.41 4027295.32
598517.29 4027315.57
598501.79 4027335.82
598437.72 4027385.82
598437.55 4027402.20
598437.54 4027403.57
598462.73 4027421.83
598464.91 4027454.82
598451.91 4027482.57
598423.80 4027500.07
598393.07 4027499.67
598385.67 4027499.57
598352.79 4027489.07
598324.79 4027493.83
598299.10 4027519.08
598291.16 4027546.83
598281.77 4027554.91
598250.17 4027582.08
598252.22 4027671.50
598253.61 4027731.83
598276.17 4027760.08
598270.79 4027782.83
598255.48 4027790.33
598174.11 4027797.08
598132.73 4027867.83
598132.48 4027890.59
598175.80 4027878.34
598211.66 4027845.84
598234.55 4027848.58
598262.06 4027886.84
598261.80 4027907.33
598248.80 4027940.08
598248.37 4027975.58
598268.11 4028026.58
598293.30 4028049.83
598294.59 4028100.34
598295.05 4028118.34
598360.92 4028137.29
598360.90 4028139.69
598360.61 4028164.83
598283.81 4028219.84
598262.39 4028246.03
598252.93 4028257.59
598267.62 4028306.08
598259.68 4028334.09
598241.75 4028346.59
598114.43 4028378.09
598114.00 4028418.84
598133.56 4028482.34
598166.25 4028513.34
598163.44 4028538.60
598112.43 4028558.35
598134.07 4028673.10
598096.18 4028714.73
598092.87 4028718.34
598031.75 4028735.35
597939.57 4028802.85
597892.93 4028823.89
597868.07 4028835.11
597837.32 4028860.36
597738.07 4028874.36
597704.75 4028904.61
597686.63 4028937.36
597683.63 4028975.36
597675.76 4028998.11
597663.01 4029005.61
597627.51 4028997.86
597600.25 4028933.87
597567.64 4028900.35
597544.75 4028902.86
597515.20 4028920.18
597498.69 4028929.85
597502.69 4029031.86
597451.20 4029094.86
597440.70 4029125.12
597417.89 4029117.36
597392.88 4029083.87
597367.26 4029101.37
597358.95 4029167.37
597320.38 4029207.62
597321.89 4029304.11
597344.26 4029345.12
597417.08 4029424.62
597432.33 4029433.70
597447.33 4029442.62
597452.20 4029465.62
597444.20 4029501.12
597449.02 4029524.12
597454.28 4029528.43
597511.96 4029575.62
597506.64 4029595.86
597481.08 4029608.12
597430.27 4029612.12
597409.70 4029635.38
597398.46 4029734.37
597390.71 4029744.38
597334.96 4029731.13
597317.40 4029713.13
597299.52 4029723.13
597273.71 4029758.38
597254.87 4029828.40
597249.84 4029847.13
597216.46 4029879.63
597215.84 4029938.13
597209.89 4029953.55
597208.02 4029958.39
597119.04 4030043.09
597105.34 4030056.14
597084.59 4030096.64
597086.84 4030117.14
597109.53 4030137.64
597101.22 4030200.89
597167.22 4030204.39
597215.59 4030189.63
597254.09 4030159.39
597276.84 4030167.13
597294.28 4030198.14
597293.72 4030251.39
597206.85 4030296.14
597163.22 4030333.89
597175.53 4030369.39
597165.10 4030394.64
597144.66 4030404.64
597101.66 4030391.65
597074.05 4030425.33
597070.72 4030429.39
597057.72 4030459.64
597054.72 4030502.89
597062.16 4030518.15
597085.04 4030518.40
597113.17 4030498.39
597138.53 4030501.15
597134.84 4030554.29
597132.54 4030587.40
597094.91 4030608.08
597091.59 4030609.90
597090.97 4030668.40
597110.91 4030704.15
597034.42 4030731.15
597036.67 4030756.65
597110.17 4030770.15
597162.99 4030821.39
597167.36 4030885.15
597192.08 4030958.15
597233.80 4031081.40
597240.11 4031200.90
597264.43 4031295.16
597281.30 4031449.00
597287.57 4031506.16
597293.01 4031701.91
597285.00 4031734.66
597273.97 4031753.60
597264.32 4031770.16
597230.56 4031793.85
597212.66 4031806.42
597182.38 4031827.66
597202.32 4031863.41
597199.57 4031883.66
597128.51 4031880.42
597102.51 4031933.42
597112.51 4031948.67
597175.64 4031982.42
597170.32 4032005.42
597147.20 4032025.42
597103.46 4032016.79
597078.76 4032011.92
597027.88 4032018.92
597036.89 4032128.42
597019.46 4032146.89
597008.58 4032158.42
596957.45 4032185.92
596914.63 4032227.79
596895.82 4032246.17
596890.32 4032289.18
596963.83 4032302.68
596968.58 4032333.43
596942.83 4032363.43
596942.20 4032419.43
596886.70 4032456.84
596868.02 4032469.43
596851.97 4032540.43
596848.65 4032613.93
596788.96 4032725.18
596795.46 4032829.19
596760.72 4032922.12
596750.97 4032948.19
596720.66 4032932.70
596669.65 4032949.94
596607.78 4033035.44
596606.41 4033157.45
596590.84 4033190.20
596557.66 4033205.20
596556.40 4033209.76
596531.16 4033301.45
596518.22 4033324.20
596495.41 4033323.95
596473.55 4033312.68
596434.79 4033292.70
596421.91 4033305.20
596413.78 4033350.95
596441.35 4033384.20
596441.28 4033392.71
596441.23 4033399.45
596400.29 4033426.96
596398.86 4033435.00
596392.17 4033472.71
596478.61 4033463.45
596470.54 4033503.96
596452.66 4033511.45
596383.29 4033586.71
596372.42 4033650.21
596351.67 4033680.58
596331.10 4033710.71
596274.48 4033775.95
596188.80 4033945.46
596168.29 4033962.96
596155.30 4033990.71
596150.28 4034051.42
596149.63 4034059.26
596146.49 4034097.22
596153.73 4034130.46
596137.68 4034206.47
596122.36 4034216.47
596100.84 4034216.20
596081.68 4034215.97
596061.49 4034203.22
596031.11 4034197.73
595993.80 4034123.72
595966.24 4034087.72
595946.05 4034079.97
595935.80 4034087.47
595938.77 4034113.68
595940.42 4034128.22
595960.36 4034163.97
595960.11 4034184.22
595919.12 4034219.23
595918.18 4034303.23
595925.63 4034313.97
595960.68 4034364.47
595961.93 4034445.63
595962.18 4034461.23
595976.87 4034511.98
595915.12 4034579.98
595901.87 4034630.72
595891.62 4034640.73
595890.33 4034650.03
595888.81 4034660.98
595909.01 4034673.97
595908.87 4034689.23
595867.75 4034731.98
595870.06 4034752.23
595900.25 4034780.48
595964.00 4034758.23
595986.69 4034768.73
596001.70 4034791.74
596027.12 4034789.48
596062.88 4034772.23
596116.13 4034780.23
596138.88 4034805.81
596141.25 4034808.48
596236.96 4034824.70
596285.76 4034832.98
596300.70 4034858.47
596299.01 4034894.80
596297.38 4034929.73
596289.51 4034952.48
596238.32 4034987.49
596235.45 4035020.48
596234.02 4035023.53
596222.45 4035048.23
596181.57 4035065.48
596182.72 4035082.79
596183.76 4035098.48
596188.73 4035105.27
596191.26 4035108.73
596224.26 4035111.73
596239.64 4035101.73
596290.39 4035104.73
596291.36 4035122.25
596292.51 4035142.98
596281.89 4035185.98
596278.45 4035264.73
596260.09 4035322.98
596226.64 4035360.74
596228.83 4035388.74
596246.31 4035404.99
596256.52 4035414.49
596250.65 4035487.99
596194.83 4035479.73
596161.64 4035494.75
596163.71 4035540.24
596137.40 4035618.74
596086.52 4035625.99
596078.09 4035699.49
596065.21 4035719.74
596026.96 4035729.49
596012.83 4035753.57
596006.27 4035764.75
596007.09 4035776.97
596010.65 4035830.75
596035.90 4035843.74
596035.72 4035859.00
596015.09 4035889.25
596019.71 4035930.00
595951.09 4035931.74
595945.06 4035941.19
595942.05 4035945.91
595938.16 4035952.00
595926.72 4036068.75
595885.97 4036078.25
595869.22 4036218.00
595795.46 4036222.25
595790.10 4036252.51
595766.94 4036257.81
595736.60 4036264.76
595725.78 4036325.51
595692.16 4036380.75
595659.04 4036390.76
595599.97 4036448.75
595564.29 4036455.76
595525.14 4036505.01
595510.23 4036523.76
595501.96 4036523.76
595497.53 4036523.77
595474.98 4036495.52
595459.72 4036498.02
595444.16 4036528.27
595445.60 4036624.77
595403.90 4036638.97
595402.29 4036639.52
595358.54 4036687.27
595306.73 4036783.27
595278.54 4036800.77
595242.92 4036808.02
595224.98 4036825.52
595214.48 4036853.28
595214.16 4036881.28
595231.73 4036899.27
595233.42 4036980.52
595197.73 4036993.03
595187.42 4037008.03
595186.73 4037066.52
595182.07 4037071.36
595143.05 4037111.78
595126.92 4037195.28
595095.55 4037276.28
595094.11 4037405.79
595086.17 4037436.28
595108.86 4037451.79
595108.79 4037459.33
595108.68 4037469.54
595075.24 4037502.04
595075.05 4037522.54
595130.87 4037530.79
595138.24 4037548.54
595102.24 4037588.79
595103.34 4037594.51
595104.68 4037601.54
595147.75 4037609.54
595141.57 4037627.48
595137.25 4037640.04
595055.11 4037694.29
595042.62 4037702.54
595045.00 4037717.79
595095.32 4037761.55
595102.69 4037781.79
595099.25 4037865.54
595019.81 4037925.79
595015.78 4037941.17
595014.50 4037946.05
594999.13 4037961.05
594971.25 4037950.54
594940.75 4037955.30
594925.00 4038000.80
594894.25 4038026.05
594883.01 4038124.80
594862.50 4038142.55
594861.51 4038231.30
594825.63 4038258.81
594812.69 4038281.56
594805.73 4038323.82
594801.82 4038347.55
594815.61 4038354.20
594839.70 4038365.80
594841.51 4038434.30
594825.70 4038487.56
594821.14 4038667.81
594795.20 4038718.31
594738.52 4038788.81
594672.27 4038811.06
594629.14 4038802.81
594616.58 4038792.56
594597.51 4038678.07
594602.17 4038604.57
594603.64 4038581.56
594599.69 4038578.74
594578.45 4038563.56
594553.07 4038560.80
594550.01 4038611.56
594521.89 4038623.81
594520.89 4038717.81
594490.26 4038727.82
594477.39 4038742.82
594474.20 4038803.82
594521.89 4038855.07
594526.70 4038880.57
594448.08 4038867.07
594412.89 4038836.07
594382.14 4038861.07
594386.70 4038909.57
594397.70 4038912.10
594409.52 4038914.82
594419.39 4038935.33
594426.46 4038988.57
594434.39 4038992.84
594452.58 4039002.62
594479.46 4039017.07
594462.28 4039057.54
594461.21 4039060.07
594463.45 4039088.08
594496.02 4039131.57
594520.84 4039185.32
594553.72 4039195.82
594576.90 4039165.58
594595.79 4039158.36
594602.47 4039155.81
594635.40 4039158.57
594657.78 4039207.07
594673.03 4039204.82
594685.96 4039184.57
594711.32 4039192.08
594721.40 4039195.07
594748.97 4039228.32
594768.65 4039284.57
594831.46 4039348.81
594828.28 4039407.08
594881.47 4039420.33
594890.47 4039412.73
594919.96 4039387.81
594930.71 4039389.11
594942.78 4039390.57
594942.51 4039415.06
594942.47 4039418.57
594924.35 4039451.32
594916.35 4039486.82
594918.41 4039530.07
594928.41 4039540.32
594989.16 4039561.32
595004.10 4039586.83
595006.11 4039640.32
595021.17 4039653.07
595059.98 4039654.74
595102.42 4039656.57
595142.86 4039674.82
595200.86 4039716.07
595217.92 4039782.32
595194.67 4039815.07
595176.79 4039822.57
595143.42 4039857.83
595118.05 4039852.32
595116.84 4039847.18
595113.93 4039834.80
595113.23 4039831.82
595109.90 4039829.30
595093.05 4039816.57
595070.16 4039818.83
595036.98 4039836.07
594975.23 4039904.08
594956.53 4039916.19
594939.73 4039927.08
594899.12 4040107.33
594954.79 4040128.08
594967.92 4040087.58
594983.29 4040075.08
595023.80 4040085.82
595022.43 4040215.33
595006.74 4040255.83
594965.80 4040278.08
594967.92 4040318.83
594998.05 4040349.58
594997.55 4040392.83
595058.28 4040414.55
595070.93 4040419.08
595083.24 4040454.83
595077.92 4040480.08
595044.49 4040517.83
595003.74 4040527.58
595000.74 4040568.08
595022.99 4040624.33
594968.99 4040682.08
594930.86 4040681.58
594854.86 4040663.08
594806.55 4040672.58
594783.74 4040667.33
594763.67 4040644.33
594745.76 4040648.04
594740.74 4040649.08
594717.67 4040666.58
594696.86 4040709.58
594696.42 4040750.33
594721.73 4040758.40
594729.36 4040760.83
594731.74 4040773.58
594773.55 4040776.74
594807.87 4040779.34
594807.24 4040840.33
594794.36 4040855.33
594771.10 4040858.00
594733.30 4040862.34
594710.24 4040879.84
594694.61 4040915.33
594714.61 4040943.58
594709.36 4040961.08
594686.23 4040983.84
594685.99 4041009.08
594698.57 4041016.29
594731.35 4041035.09
594741.17 4041068.33
594725.67 4041093.58
594740.55 4041124.08
594737.80 4041146.83
594686.67 4041174.34
594686.60 4041181.52
594686.30 4041209.84
594668.36 4041219.84
594597.11 4041231.84
594546.28 4041261.48
594533.24 4041269.09
594514.67 4041337.59
594446.17 4041331.59
594412.92 4041351.59
594402.55 4041371.84
594336.36 4041383.84
594303.05 4041408.84
594257.23 4041416.09
594190.54 4041476.34
594146.21 4041606.99
594120.23 4041635.60
594064.41 4041624.60
594017.61 4041725.85
594016.79 4041796.85
593958.49 4041788.60
593935.98 4041755.34
593911.35 4041684.10
593896.23 4041673.60
593878.29 4041688.60
593862.54 4041734.35
593793.41 4041786.85
593793.17 4041809.60
593815.60 4041842.85
593812.79 4041873.35
593787.04 4041903.60
593772.37 4041903.41
593748.91 4041903.10
593747.08 4041896.59
593736.73 4041859.85
593716.54 4041844.35
593683.48 4041851.60
593655.23 4041876.85
593612.56 4041969.09
593597.97 4042000.61
593650.91 4042036.85
593642.66 4042095.10
593652.73 4042105.35
593716.42 4042088.35
593752.29 4042055.60
593764.79 4042027.87
593770.54 4042015.10
593798.67 4041997.60
593844.36 4042000.84
593897.23 4042047.10
593899.17 4042100.35
593876.53 4042112.17
593860.86 4042120.35
593847.42 4042183.60
593781.94 4042185.16
593773.73 4042185.35
593725.29 4042205.10
593663.85 4042247.60
593611.93 4042338.94
593609.42 4042343.36
593560.98 4042360.86
593545.60 4042375.61
593546.25 4042396.62
593547.47 4042436.86
593557.55 4042442.11
593669.66 4042410.35
593689.92 4042415.60
593682.04 4042440.85
593623.41 4042488.19
593579.55 4042523.60
593566.42 4042559.11
593568.42 4042609.86
593604.10 4042597.61
593655.54 4042537.11
593694.35 4042474.10
593724.79 4042479.60
593731.67 4042545.60
593744.29 4042553.35
593782.73 4042525.85
593795.79 4042493.10
593849.02 4042457.94
593890.42 4042430.60
593985.46 4042301.63
594016.80 4042259.10
594037.24 4042246.86
594059.99 4042257.11
594051.68 4042320.60
594055.61 4042427.35
594063.11 4042435.10
594088.55 4042432.85
594145.05 4042374.85
594170.36 4042385.35
594169.86 4042428.85
594151.87 4042448.60
594150.92 4042537.60
594163.55 4042545.35
594191.49 4042543.10
594234.86 4042523.35
594259.12 4042499.53
594265.68 4042493.10
594301.49 4042473.10
594334.86 4042440.60
594338.65 4042439.30
594344.22 4042437.38
594370.55 4042428.35
594498.62 4042333.10
594498.98 4042300.09
594483.99 4042279.59
594487.11 4042226.34
594497.42 4042213.59
594555.86 4042211.84
594597.58 4042195.69
594606.87 4042192.09
594649.80 4042212.84
594670.18 4042210.59
594698.30 4042193.09
594718.49 4042203.34
594717.43 4042302.59
594724.93 4042312.84
594765.62 4042310.59
594829.20 4042275.00
594903.62 4042233.34
594903.94 4042205.59
594873.80 4042169.59
594864.13 4042121.22
594856.99 4042085.59
594869.93 4042065.34
594987.37 4042008.33
595073.69 4042016.83
595162.12 4042055.83
595199.69 4042107.08
595199.43 4042131.43
595199.31 4042142.58
595140.31 4042190.33
595133.65 4042211.37
595130.25 4042222.12
595121.87 4042248.59
595198.18 4042239.33
595210.87 4042244.33
595217.54 4042255.96
595235.81 4042287.84
595232.87 4042318.33
595217.48 4042322.26
595156.50 4042337.83
595120.56 4042370.33
595102.37 4042408.33
595102.14 4042429.30
595102.06 4042436.33
595129.75 4042456.83
595129.44 4042487.33
595195.37 4042495.83
595238.38 4042514.08
595346.25 4042403.33
595380.94 4042386.57
595387.12 4042383.58
595427.69 4042389.08
595470.51 4042425.07
595487.82 4042465.83
595474.63 4042514.08
595568.62 4042510.08
595624.26 4042533.58
595656.15 4042519.90
595665.07 4042516.07
595708.19 4042521.83
595710.14 4042522.88
595751.13 4042545.08
595781.63 4042542.83
595804.69 4042527.83
595830.45 4042495.08
595839.52 4042482.74
595843.32 4042477.57
595853.55 4042474.46
595891.76 4042462.82
595939.88 4042476.08
595976.89 4042497.04
595985.32 4042501.82
596065.70 4042584.07
596143.21 4042699.33
596192.70 4042814.07
596206.10 4042817.54
596212.95 4042819.32
596207.08 4042895.57
596188.89 4042928.33
596175.32 4043007.08
596157.20 4043037.33
596119.02 4043047.07
596143.14 4043164.07
596139.47 4043200.50
596128.83 4043306.07
596123.48 4043319.05
596097.52 4043382.08
596056.52 4043414.58
596045.33 4043511.08
595993.70 4043584.07
595975.14 4043655.08
595946.58 4043708.08
595930.20 4043814.58
595918.51 4043951.57
595911.56 4044008.37
595909.62 4044024.14
595907.32 4044042.84
595852.77 4044154.09
595754.70 4044292.83
595708.77 4044315.08
595635.39 4044288.84
595612.51 4044288.59
595556.71 4044285.34
595543.88 4044295.84
595535.76 4044338.59
595507.58 4044361.09
595498.95 4044455.08
595488.64 4044465.09
595495.70 4044515.84
595508.11 4044526.50
595510.83 4044528.84
595505.39 4044559.34
595479.58 4044594.59
595473.39 4044698.59
595427.26 4044736.09
595454.27 4044820.34
595456.20 4044873.59
595516.96 4044880.88
595572.89 4044887.60
595701.96 4044934.84
595739.77 4044958.09
595777.27 4045011.83
595795.45 4045058.72
595797.44 4045063.84
595816.83 4045113.84
595799.15 4045332.09
595749.71 4045666.85
595747.21 4045668.48
595742.09 4045671.84
595717.01 4045926.34
595710.59 4045991.60
595684.27 4046075.09
595614.21 4046211.59
595608.22 4046290.35
595577.27 4046333.09
595567.04 4046361.93
595543.21 4046429.10
595541.95 4046543.59
595513.59 4046578.85
595457.46 4046601.10
595421.27 4046661.60
595409.56 4046671.49
595382.77 4046694.10
595352.15 4046706.60
595273.52 4046698.10
595263.08 4046720.85
595285.65 4046751.60
595274.84 4046809.85
595211.15 4046824.35
595154.77 4046872.10
595116.46 4046886.85
595055.64 4046876.10
595061.40 4046815.10
594925.20 4046727.11
594894.30 4046717.54
594849.26 4046703.60
594813.64 4046708.11
594812.89 4046774.35
594809.37 4046784.00
594797.21 4046817.36
594824.77 4046848.11
594829.33 4046893.86
594854.52 4046914.36
594900.14 4046925.11
594924.77 4046993.86
594924.21 4047047.36
594898.21 4047102.86
594856.96 4047153.11
594787.83 4047205.86
594697.00 4047248.10
594665.26 4047262.86
594624.51 4047272.62
594548.39 4047266.61
594507.95 4047248.36
594407.70 4047125.36
594387.26 4047135.36
594386.32 4047219.11
594345.57 4047231.36
594291.76 4047271.37
594189.57 4047323.62
594138.32 4047363.87
594124.00 4047369.24
594079.63 4047385.87
594003.45 4047385.12
593920.19 4047333.37
593888.20 4047300.73
593880.01 4047292.37
593875.32 4047259.37
593891.06 4047211.12
593886.45 4047167.88
593863.89 4047142.37
593851.57 4047106.63
593875.07 4047048.36
593872.88 4047015.37
593848.93 4047004.06
593840.07 4046999.87
593830.13 4046976.87
593833.87 4046795.51
593835.63 4046710.12
593815.63 4046679.37
593770.13 4046658.62
593635.37 4046669.87
593476.86 4046762.12
593430.56 4046819.87
593366.56 4046862.37
593353.44 4046900.38
593322.87 4046907.63
593304.74 4046940.62
593302.47 4046968.09
593302.04 4046973.31
593301.81 4046976.13
593294.12 4046983.62
593288.37 4047039.38
593270.43 4047056.88
593232.18 4047071.87
593213.87 4047114.88
593058.12 4047191.88
592992.12 4047188.63
592948.24 4047251.63
592945.43 4047274.38
592922.31 4047294.38
592827.80 4047341.63
592799.87 4047341.38
592761.98 4047323.14
592760.76 4047323.88
592730.63 4047342.13
592708.30 4047355.64
592705.30 4047398.88
592720.11 4047434.39
592693.99 4047500.14
592676.18 4047505.14
592633.18 4047486.89
592605.23 4047489.14
592597.48 4047496.64
592594.49 4047539.89
592515.30 4047577.14
592487.49 4047569.14
592459.80 4047545.88
592350.79 4047521.89
592339.58 4047524.73
592205.60 4047558.65
592184.73 4047569.90
592090.61 4047620.64
592090.05 4047673.89
592115.04 4047712.40
592114.85 4047727.65
592105.49 4047736.38
592060.98 4047777.90
592065.86 4047795.64
592111.42 4047811.40
592111.04 4047844.39
592077.91 4047851.65
592067.04 4047914.90
592059.42 4047919.90
592056.41 4047958.15
592047.87 4047965.83
592023.05 4047988.15
591939.11 4048002.40
591900.29 4048063.14
591867.11 4048080.41
591866.94 4048095.74
591866.55 4048133.90
591878.32 4048140.36
591899.35 4048151.90
591906.73 4048174.90
591949.74 4048190.39
591941.73 4048226.15
591836.17 4048354.40
591756.79 4048411.90
591677.79 4048431.40
591654.31 4048448.23
591639.42 4048458.90
591636.04 4048532.65
591589.61 4048598.15
591563.54 4048656.15
591561.98 4048664.97
591555.42 4048701.90
591540.10 4048711.91
591523.92 4048706.31
591509.74 4048701.40
591489.60 4048683.41
591441.29 4048685.41
591402.98 4048707.91
591384.48 4048771.16
591392.04 4048778.91
591437.92 4048764.15
591470.73 4048779.66
591470.52 4048799.66
591470.35 4048815.16
591416.41 4048870.65
591410.91 4048908.66
591530.48 4048892.15
591545.79 4048882.16
591556.60 4048826.40
591577.17 4048806.41
591611.84 4048811.88
591627.85 4048814.41
591671.35 4048784.40
591698.98 4048792.59
591706.79 4048794.90
591691.61 4049023.41
591767.74 4049031.90
591751.48 4049123.15
591758.98 4049133.40
591921.30 4049152.90
591936.23 4049183.66
591984.42 4049189.15
591985.52 4049188.67
592008.08 4049178.63
592017.61 4049174.40
592061.74 4049091.15
592100.24 4049055.90
592143.49 4049046.15
592288.18 4049055.40
592336.18 4049078.90
592346.06 4049129.38
592350.62 4049152.65
592370.49 4049193.39
592413.72 4049234.28
592468.55 4049286.15
592473.18 4049324.15
592541.68 4049381.46
592556.24 4049393.64
592598.44 4049483.14
592627.06 4049653.64
592651.69 4049722.40
592664.31 4049730.15
592694.06 4049796.64
592691.01 4049847.39
592672.94 4049872.65
592594.06 4049884.39
592583.69 4049899.40
592580.00 4050006.15
592620.56 4050102.43
592629.50 4050123.65
592730.44 4050185.65
592757.94 4050226.64
592780.20 4050280.15
592782.01 4050343.65
592796.03 4050351.08
592860.32 4050385.14
592877.82 4050408.14
592879.06 4050462.84
592882.95 4050634.40
592889.94 4050690.40
592871.82 4050723.15
592815.44 4050770.90
592815.43 4050772.47
592814.88 4050819.15
592805.22 4050833.99
592796.82 4050846.90
592805.63 4050968.90
592817.82 4051012.15
592847.82 4051058.15
592867.57 4051109.15
592907.70 4051157.89
592927.57 4051198.65
592891.26 4051264.40
592893.39 4051299.90
592923.29 4051354.94
592953.14 4051409.90
593033.76 4051474.40
593043.11 4051486.31
593053.76 4051499.90
593048.15 4051548.14
593032.45 4051591.15
593034.58 4051631.90
593071.77 4051713.40
593076.45 4051749.15
593099.08 4051778.12
593106.52 4051787.65
593123.45 4051861.39
593117.95 4051899.40
593124.57 4051907.83
593127.95 4051912.15
593125.08 4051945.15
593104.08 4052005.90
593107.78 4052014.03
593123.89 4052049.40
593212.46 4052080.89
593298.09 4052150.40
593332.61 4052144.09
593389.71 4052133.65
593599.65 4051985.89
593668.28 4051981.64
593715.97 4051990.91
593751.90 4051997.89
593805.03 4052018.64
593964.16 4052101.89
593990.98 4052129.25
594064.59 4052204.39
594197.10 4052399.14
594221.66 4052448.27
594244.35 4052493.64
594258.35 4052602.89
594346.85 4052641.89
594437.60 4052706.38
594465.32 4052734.79
594522.98 4052793.88
594595.04 4052939.38
594625.11 4052980.38
594684.87 4053087.64
594676.42 4053161.39
594642.41 4053249.89
594626.98 4053269.89
594613.67 4053323.14
594642.26 4053412.18
594667.73 4053491.52
594669.51 4053497.06
594670.17 4053499.14
594661.74 4053572.64
594650.93 4053591.64
594648.80 4053595.39
594658.67 4053618.39
594742.11 4053652.14
594759.18 4053718.38
594751.17 4053756.39
594733.11 4053776.64
594738.05 4053791.89
594795.80 4053834.39
594803.11 4053859.89
594800.11 4053905.39
594751.12 4053968.39
594750.80 4053998.89
594788.61 4054024.64
594836.73 4054035.39
594875.05 4054015.63
594912.88 4054016.05
594920.80 4054016.13
594933.31 4054033.88
594939.80 4054135.63
594971.56 4054250.39
594976.06 4054303.64
594988.49 4054324.14
594993.12 4054364.89
594992.74 4054397.89
594974.62 4054428.14
594945.18 4054567.63
594875.55 4054660.64
594874.93 4054714.15
594902.25 4054775.39
594878.87 4054818.14
594888.69 4054848.88
594936.69 4054877.39
594959.25 4054902.89
595013.88 4055015.39
595066.81 4055054.14
595078.99 4055074.92
595081.75 4055079.64
595086.31 4055125.39
595144.31 4055166.64
595207.68 4055177.63
595243.01 4055198.14
595273.57 4055190.89
595357.32 4055199.38
595388.32 4055154.13
595406.19 4055144.13
595454.38 4055149.89
595487.13 4055175.64
595583.82 4055161.39
595586.51 4055146.13
595609.57 4055131.13
595650.32 4055121.38
595690.95 4055121.88
595704.28 4055111.77
595710.51 4055107.04
595714.01 4055104.38
595825.94 4055087.89
595874.51 4055060.38
595877.51 4055017.38
595908.26 4054992.14
596068.20 4055004.13
596101.33 4054991.88
596215.85 4054864.10
596283.95 4054788.12
596299.30 4054761.06
596338.39 4054692.12
596410.27 4054619.37
596423.46 4054569.08
596428.89 4054548.37
596431.83 4054510.38
596426.83 4054500.07
596416.90 4054479.62
596414.64 4054454.12
596443.04 4054416.58
596450.77 4054406.37
596471.84 4054335.37
596444.27 4054304.62
596439.64 4054261.37
596488.58 4054201.12
596634.67 4054119.86
596708.40 4054078.87
596833.45 4054027.11
596889.40 4054017.36
596918.49 4054021.37
596990.90 4054031.36
596993.77 4053998.36
596926.14 4053911.12
596927.06 4053896.63
596929.21 4053862.86
596993.21 4053817.86
597049.65 4053789.37
597071.95 4053765.60
597085.15 4053751.53
597106.21 4053729.11
597122.09 4053673.36
597127.88 4053666.69
597137.52 4053655.60
597208.84 4053638.86
597235.52 4053637.11
597307.96 4053632.36
597420.59 4053554.85
597486.78 4053542.85
597522.65 4053512.60
597530.71 4053474.60
597569.22 4053437.10
597627.77 4053424.85
597696.68 4053427.73
597711.53 4053428.35
597839.15 4053376.60
597864.53 4053376.85
597892.22 4053399.85
597892.05 4053415.01
597891.97 4053422.85
597873.91 4053450.60
597873.66 4053470.85
597914.22 4053478.85
598026.22 4053457.35
598047.16 4053404.10
598080.53 4053371.60
598088.91 4053303.10
598106.85 4053288.10
598107.75 4053284.64
598112.16 4053267.85
598094.53 4053249.85
598092.34 4053221.85
598099.86 4053214.41
598110.28 4053204.09
598123.40 4053161.33
598149.10 4053143.60
598217.22 4053180.10
598235.59 4053175.19
598245.29 4053172.59
598255.59 4053160.10
598256.23 4053098.84
598271.66 4053084.09
598277.16 4053043.34
598305.22 4053033.59
598374.67 4052958.10
598376.25 4052950.71
598377.35 4052945.59
598423.66 4052892.59
598444.91 4052809.09
598457.85 4052783.83
598503.54 4052789.34
598562.97 4052693.59
598558.03 4052680.84
598570.91 4052657.14
598581.41 4052637.84
598624.54 4052640.84
598634.28 4052631.37
598642.54 4052623.34
598648.10 4052580.09
598635.54 4052567.33
598608.35 4052495.84
598609.03 4052432.33
598581.35 4052411.84
598617.41 4052363.84
598663.16 4052364.33
598701.91 4052306.33
598728.10 4052235.58
598769.47 4052164.83
598818.10 4052137.58
598904.65 4052136.42
598929.85 4052136.08
598933.66 4052021.83
598862.54 4052021.08
598849.98 4052010.83
598839.85 4052008.08
598852.91 4051975.33
598919.48 4051925.33
598940.10 4051897.58
598945.29 4051658.83
598968.79 4051598.07
598986.54 4051600.83
599001.79 4051601.08
599066.69 4051667.35
599069.60 4051670.33
599089.98 4051668.08
599116.23 4051592.08
599046.16 4051494.83
599048.91 4051477.08
599052.90 4051470.45
599074.79 4051434.07
599108.16 4051401.57
599174.60 4051364.07
599231.17 4051320.38
599236.10 4051316.57
599355.73 4051292.57
599353.79 4051239.08
599399.60 4051232.07
599463.41 4051230.29
599793.42 4051221.07
600125.68 4051270.56
600175.27 4051283.51
600267.50 4051307.57
600523.50 4051376.56
600579.25 4051390.06
600798.81 4051504.56
600853.83 4051543.69
600922.19 4051592.30
601151.88 4051714.55
601158.97 4051718.93
601353.51 4051839.05
601484.44 4051953.37
602049.72 4052447.05
602069.89 4052457.55
602107.96 4052458.04
602164.15 4052433.29
602194.46 4052451.54
602179.84 4052603.54
602249.72 4052703.54
602512.29 4052997.19
602525.35 4053011.79
602707.98 4053242.79
602995.78 4053647.76
603037.55 4053706.54
603147.11 4053888.29
603200.53 4053973.94
603433.19 4054346.96
603546.24 4054528.22
603590.25 4054598.79
603729.13 4054869.79
603775.48 4054935.96
603799.00 4054969.54
603846.90 4055066.36
603914.24 4055202.50
603920.44 4055215.04
604002.70 4055343.04
604039.70 4055432.29
604127.08 4055555.29
604251.04 4055792.67
604445.59 4056165.25
604459.58 4056192.04
604543.65 4056378.54
604560.58 4056449.79
604610.74 4056554.28
604694.28 4056728.29
604847.03 4057111.29
604879.60 4057149.79
604909.22 4057218.79
604918.53 4057287.54
604939.56 4057332.54
605086.85 4057647.79
605148.04 4057833.79
605151.80 4057940.55
605175.04 4057996.86
605230.26 4058130.65
605282.55 4058257.30
605316.17 4058410.05
605363.42 4058491.80
605379.00 4058546.70
605390.24 4058586.30
605422.42 4058655.30
605446.42 4058764.80
605497.72 4058910.13
605500.43 4058917.80
605504.68 4058941.36
605514.68 4058996.80
605553.36 4059095.88
605556.56 4059104.05
605644.31 4059402.30
605735.44 4059634.55
605743.55 4059670.52
605747.50 4059688.05
605744.19 4059749.05
605750.27 4059764.77
605783.56 4059850.80
605803.35 4059937.93
605829.32 4060052.30
605854.06 4060108.55
605914.87 4060327.81
605948.69 4060493.11
605971.45 4060604.35
606010.70 4060796.31
606054.08 4060982.31
606064.89 4061134.81
606092.08 4061196.05
606126.27 4061308.31
606147.76 4061417.80
606157.34 4061454.83
606201.14 4061624.30
606262.40 4062008.56
606307.05 4062320.48
606351.28 4062629.31
606363.35 4062886.06
606397.40 4063199.26
606399.85 4063221.82
606452.72 4063466.32
606464.04 4063575.82
606512.47 4063769.32
606528.72 4063951.51
606536.98 4064044.07
606536.77 4064065.25
606528.04 4064952.74
606526.99 4065060.08
606535.29 4065210.08
606523.11 4065784.09
606533.89 4065838.00
606563.80 4065987.58
606546.11 4066185.58
606553.87 4066582.09
606568.31 4066650.84
606572.33 4066716.88
606581.84 4066873.27
606591.49 4067032.09
606601.74 4067438.60
606615.68 4067602.07
606630.56 4067776.84
606632.81 4067799.59
606639.56 4067849.84
606786.55 4068459.85
606794.19 4068491.59
606902.26 4068793.09
606971.57 4068936.09
607044.20 4069224.09
607053.68 4069276.69
607056.14 4069290.33
607049.40 4069628.09
607076.40 4069702.08
607162.47 4070137.32
607163.31 4070139.79
607164.19 4070142.39
607226.21 4070323.58
607276.78 4070547.83
607308.85 4070830.08
607349.83 4070993.77
607437.09 4071342.32
607443.84 4071413.58
607550.29 4071843.05
607615.61 4072106.57
607708.17 4072425.32
607760.39 4072688.94
607772.74 4072751.31
607836.43 4072940.07
607857.99 4073047.06
608028.00 4073470.81
608036.15 4073502.21
608115.25 4073807.06
608104.00 4073898.31
608085.57 4073951.56
608049.57 4073984.06
608019.50 4073983.73
607981.00 4073983.32
607975.82 4073993.31
607985.75 4074011.31
607985.80 4074168.08
607985.82 4074209.31
607978.13 4074216.81
607973.90 4074248.66
607969.69 4074280.31
607949.57 4074470.55
607934.14 4074488.06
607868.88 4074830.31
607782.13 4075068.06
607776.37 4075078.17
607770.03 4075089.31
607634.13 4075327.82
607613.25 4075353.75
607605.75 4075363.06
607589.89 4075410.33
607582.01 4075433.81
607504.19 4075562.31
607424.25 4075658.06
607421.44 4075678.30
607403.38 4075700.81
607379.69 4075769.05
607369.44 4075779.31
607360.04 4075805.79
607324.63 4075905.56
607301.50 4075928.31
607207.06 4076168.30
607181.28 4076216.88
607162.88 4076251.56
607134.32 4076302.06
607076.69 4076443.55
607068.54 4076481.84
607060.51 4076519.56
607039.69 4076555.06
607039.50 4076570.31
607031.88 4076572.56
607029.06 4076580.68
606997.63 4076671.31
606968.94 4076731.80
606926.32 4076891.31
606719.57 4077379.06
606677.07 4077533.56
606653.88 4077558.56
606627.31 4077652.31
606611.81 4077669.81
606543.00 4077892.56
606532.69 4077905.05
606519.32 4077960.81
606451.83 4078125.30
606428.46 4078182.25
606315.00 4078458.81
606260.87 4078553.37
606224.13 4078617.56
606218.75 4078640.56
606185.25 4078680.56
606174.69 4078711.06
606181.76 4078759.31
606091.92 4078948.91
606040.56 4079057.31
606017.19 4079106.55
606015.00 4079111.31
605980.88 4079183.55
605916.50 4079254.05
605874.75 4079342.31
605877.06 4079362.81
605873.42 4079370.31
605718.00 4079691.05
605642.69 4079824.55
605635.84 4079847.14
605618.87 4079903.05
605556.43 4080021.80
605555.09 4080034.75
605553.56 4080049.56
605321.43 4080534.55
605279.72 4080614.64
605193.93 4080779.30
605068.99 4081024.05
604946.93 4081236.05
604892.26 4081361.51
604884.18 4081380.05
604886.56 4081392.80
604876.37 4081397.80
604818.99 4081518.80
604759.31 4081617.30
604746.05 4081644.55
604607.93 4081924.80
604592.43 4081942.30
604504.59 4082099.29
604382.05 4082318.30
604381.80 4082336.05
604207.49 4082669.05
604158.24 4082744.80
604124.30 4082820.55
604117.40 4082830.95
604112.31 4082838.62
604072.55 4082898.55
603981.42 4083072.80
603940.11 4083128.05
603898.36 4083219.05
603880.36 4083234.05
603815.30 4083360.30
603698.01 4083559.37
603631.04 4083673.05
603628.29 4083690.80
603536.60 4083843.01
603441.54 4084000.80
603438.73 4084021.05
603425.85 4084038.80
603327.22 4084202.55
603284.67 4084280.28
603085.54 4084644.05
602885.79 4084977.05
602870.57 4085005.19
602471.53 4085743.26
602415.16 4085847.55
602337.34 4085978.55
602175.85 4086299.30
602175.72 4086311.80
602110.64 4086435.55
602082.66 4086486.84
602017.09 4086607.05
601990.78 4086678.04
601855.46 4086935.30
601797.97 4087069.29
601779.90 4087089.30
601700.52 4087235.57
601496.52 4087611.55
601348.58 4087866.29
601345.77 4087889.30
601296.89 4087936.80
601285.45 4087952.29
601097.95 4088206.30
600996.64 4088382.80
600967.57 4088476.30
600914.01 4088491.04
600857.57 4088536.05
600818.66 4088593.97
600813.57 4088601.54
600756.25 4088717.54
600699.38 4088795.54
600604.07 4088906.29
600567.69 4088969.29
600457.01 4089087.29
600405.32 4089157.79
600330.83 4089236.09
600304.94 4089263.29
600289.32 4089293.54
600075.50 4089532.04
599886.93 4089710.29
599857.89 4089743.85
599793.23 4089818.59
599567.07 4090079.95
599547.30 4090102.79
599256.10 4090404.59
598989.60 4090680.80
598693.03 4090951.17
598381.41 4091235.29
598309.90 4091272.54
598100.82 4091444.06
597912.52 4091598.55
597666.96 4091750.55
597486.46 4091894.24
597474.77 4091903.55
597410.45 4091976.55
597400.21 4091983.13
597379.76 4091996.30
597331.45 4091995.80
597300.95 4091998.05
596836.91 4092227.22
596304.80 4092490.05
596170.37 4092543.11
596123.67 4092561.55
595914.04 4092678.55
595786.35 4092738.30
595498.59 4092835.73
595409.03 4092866.05
595393.47 4092893.80
595304.47 4092900.55
595067.65 4092953.80
594958.34 4092962.55
594856.52 4092976.80
594806.86 4092990.96
594742.81 4093009.23
594693.46 4093023.30
594551.21 4093021.56
594498.01 4093010.81
594434.82 4092979.81
594349.26 4092907.56
594167.82 4092778.55
594153.15 4092764.02
594084.88 4092696.31
593959.44 4092560.31
593891.37 4092508.81
593858.02 4092486.00
593770.37 4092426.06
593606.68 4092297.31
593596.77 4092293.42
593562.94 4092280.11
593500.49 4092255.56
593465.05 4092242.31
593343.23 4092233.56
593279.55 4092248.06
593228.48 4092272.81
593218.36 4092267.56
593188.61 4092206.31
593125.79 4092142.07
593063.83 4092086.85
593047.79 4092072.57
592995.10 4092013.57
592961.61 4091965.84
592925.10 4091913.82
592900.29 4091860.32
592843.59 4091806.62
592799.71 4091765.07
592795.85 4091658.32
592786.19 4091648.47
592765.72 4091627.57
592608.84 4091575.07
592573.59 4091544.07
592531.15 4091480.07
592526.64 4091426.82
592510.53 4091381.49
592509.66 4091379.05
592484.34 4091345.07
592408.71 4091293.32
592356.08 4091229.32
592349.15 4091168.32
592329.15 4091140.08
592332.39 4091079.08
592314.90 4091051.08
592186.70 4090927.58
592154.33 4090871.33
592119.08 4090840.58
592031.49 4090798.49
591891.70 4090731.33
591852.84 4090691.51
591831.45 4090669.58
591722.94 4090602.33
591657.56 4090540.83
591590.13 4090438.33
591487.38 4090315.33
591456.82 4090308.45
591451.88 4090307.33
591416.12 4090324.58
591385.62 4090326.83
591215.87 4090286.84
591187.87 4090294.09
591162.61 4090276.09
591132.24 4090268.09
591126.68 4090311.34
591057.24 4090386.84
591026.55 4090409.09
591013.30 4090457.33
590967.12 4090500.09
590916.36 4090494.34
590878.11 4090504.09
590862.67 4090524.34
590859.26 4090525.93
590724.80 4090588.84
590650.42 4090651.59
590563.48 4090703.84
590486.29 4090789.34
590488.47 4090819.84
590523.54 4090868.59
590523.17 4090904.09
590497.48 4090926.59
590370.23 4090948.09
590356.15 4090943.92
590317.03 4090932.34
590162.22 4090922.84
590109.10 4090904.59
590002.34 4090911.09
590011.35 4091012.58
590003.34 4091045.59
589975.34 4091052.84
589960.40 4091027.34
589961.22 4090953.58
589941.59 4090890.09
589916.53 4090859.34
589874.72 4090852.08
589853.15 4090848.34
589767.27 4090804.34
589719.46 4090760.59
589678.90 4090755.09
589657.77 4090828.34
589519.71 4090905.59
589295.02 4091009.84
589252.17 4091024.44
589220.89 4091054.84
589157.07 4091081.84
589045.13 4091095.84
588901.32 4091128.09
588895.07 4091140.59
588884.19 4091198.59
588880.82 4091236.85
588867.63 4091285.60
588885.19 4091296.85
588925.88 4091316.59
588927.57 4091336.84
588920.51 4091373.34
588909.76 4091423.34
588900.99 4091450.98
588894.69 4091470.84
588888.94 4091503.84
588884.39 4091540.34
588876.76 4091578.09
588878.32 4091609.34
588862.57 4091669.59
588829.57 4091671.09
588817.94 4091677.09
588799.94 4091716.09
588789.13 4091767.09
588689.88 4091753.59
588698.13 4091711.34
588702.07 4091683.34
588706.94 4091609.59
588713.44 4091561.59
588719.44 4091501.09
588721.88 4091432.84
588730.20 4091383.34
588755.38 4091358.59
588794.50 4091352.09
588781.13 4091344.85
588810.69 4091307.10
588808.57 4091276.60
588777.69 4091248.34
588782.82 4091217.09
588787.44 4091176.34
588790.06 4091151.12
588792.07 4091131.84
588789.50 4091075.59
588789.82 4091035.84
588796.70 4091020.84
588826.03 4090995.22
588834.76 4090987.59
588866.63 4090965.09
588869.88 4090945.09
588839.44 4090942.34
588800.19 4090964.09
588777.31 4090999.35
588764.75 4091044.85
588766.07 4091106.59
588730.00 4091118.35
588597.88 4091163.85
588535.50 4091184.60
588454.19 4091211.34
588418.81 4091212.35
588366.80 4091225.75
588336.30 4091233.60
588327.76 4091235.46
588258.13 4091250.60
588143.93 4091268.60
588080.50 4091272.85
587971.80 4091292.11
587965.04 4091257.99
587961.25 4091238.86
587957.14 4091238.04
587942.36 4091235.10
587936.18 4091247.36
587938.31 4091284.61
587939.18 4091322.86
587942.50 4091366.85
587941.82 4091378.52
587939.61 4091416.36
587934.24 4091472.36
587926.00 4091517.60
587903.31 4091529.61
587880.24 4091517.11
587873.62 4091507.25
587865.81 4091495.61
587858.12 4091466.36
587857.74 4091433.86
587856.87 4091392.36
587855.99 4091354.11
587857.55 4091317.36
587843.74 4091292.36
587822.99 4091290.86
587806.50 4091293.81
587793.68 4091296.11
587739.99 4091301.11
587705.24 4091299.61
587652.87 4091291.36
587577.93 4091285.61
587521.24 4091280.36
587489.06 4091274.62
587474.98 4091272.11
587413.43 4091264.11
587345.18 4091258.11
587315.06 4091253.49
587299.55 4091251.12
587255.74 4091240.37
587194.30 4091221.37
587173.74 4091200.62
587135.36 4091194.12
587094.55 4091188.12
587068.98 4091182.62
587034.30 4091174.37
587026.91 4091172.19
587010.61 4091167.37
586976.55 4091154.87
586950.42 4091140.12
586930.48 4091117.87
586918.42 4091102.62
586911.21 4091092.26
586896.16 4091070.62
586867.80 4091033.62
586857.05 4091004.87
586840.23 4090974.37
586820.98 4090943.62
586805.42 4090911.62
586801.42 4090878.12
586802.91 4090848.87
586801.98 4090813.37
586798.16 4090792.75
586792.67 4090763.12
586784.92 4090743.13
586775.85 4090727.13
586760.85 4090702.62
586750.67 4090677.38
586746.67 4090645.62
586741.42 4090617.63
586762.92 4090603.13
586774.60 4090588.63
586780.23 4090569.13
586791.48 4090542.38
586814.23 4090515.63
586837.60 4090492.13
586842.04 4090473.13
586846.54 4090448.88
586859.67 4090409.88
586867.30 4090375.13
586838.54 4090307.13
586840.54 4090292.38
586837.66 4090269.12
586808.79 4090221.88
586801.17 4090184.63
586801.48 4090148.13
586789.04 4090104.13
586775.16 4090088.63
586774.11 4090070.88
586759.66 4090050.63
586737.01 4090042.79
586725.29 4090000.88
586720.72 4089967.88
586725.79 4089944.13
586735.67 4089925.38
586738.91 4089905.13
586720.16 4089885.63
586698.85 4089885.38
586684.35 4089867.88
586687.04 4089841.38
586686.04 4089813.88
586670.85 4089805.88
586659.16 4089819.13
586644.85 4089848.88
586635.79 4089841.38
586627.16 4089852.88
586637.35 4089870.13
586632.98 4089883.63
586618.73 4089910.89
586605.72 4089932.88
586582.44 4089939.06
586574.60 4089941.13
586534.85 4089949.88
586501.70 4089956.93
586472.54 4089966.38
586449.74 4089971.79
586441.97 4089973.63
586412.10 4089972.14
586384.16 4089960.13
586365.35 4089949.14
586350.80 4089941.53
586340.47 4089936.14
586326.97 4089943.14
586300.16 4089939.39
586290.61 4089939.47
586272.72 4089939.64
586264.28 4089927.39
586245.53 4089910.14
586242.03 4089890.14
586226.78 4089892.39
586217.53 4089902.64
586219.78 4089926.39
586214.79 4089941.64
586199.59 4089934.14
586183.22 4089928.64
586172.07 4089940.27
586165.97 4089946.64
586144.52 4089959.39
586128.03 4089958.64
586086.53 4089964.89
586057.78 4089975.64
586042.72 4089958.64
586031.84 4089945.14
586003.21 4089935.64
585983.03 4089948.14
585968.22 4089965.14
585954.22 4089962.14
585946.47 4089944.89
585934.90 4089944.14
585914.04 4089959.39
585899.90 4089966.39
585877.28 4089974.14
585865.59 4089989.39
585842.34 4090000.14
585826.90 4090022.15
585801.83 4090032.15
585763.34 4090037.39
585756.78 4090021.39
585739.09 4090020.14
585732.98 4090028.64
585727.40 4090036.39
585708.48 4090049.52
585691.16 4090061.52
585681.96 4090067.90
585675.97 4090058.39
585641.28 4090052.90
585633.47 4090041.15
585613.84 4090051.40
585590.65 4090050.65
585585.09 4090054.26
585574.09 4090061.40
585541.65 4090081.90
585533.06 4090079.28
585522.77 4090076.15
585508.15 4090071.15
585493.59 4090066.90
585479.58 4090064.90
585469.16 4090067.90
585455.77 4090065.89
585438.59 4090067.31
585428.34 4090068.15
585403.27 4090070.90
585389.47 4090047.65
585369.33 4090049.90
585362.55 4090051.22
585344.90 4090054.65
585334.03 4090041.15
585320.15 4090025.65
585313.58 4090003.65
585312.39 4089997.56
585309.52 4089982.90
585292.58 4089969.90
585286.08 4089943.66
585272.83 4089921.40
585260.08 4089918.90
585252.21 4089906.15
585238.96 4089888.15
585222.58 4089877.15
585203.14 4089867.90
585183.77 4089853.65
585172.95 4089835.15
585158.89 4089836.91
585157.83 4089819.91
585148.77 4089809.91
585132.17 4089812.62
585127.39 4089813.41
585107.32 4089808.41
585087.33 4089791.16
585079.51 4089778.16
585059.39 4089782.41
585045.95 4089784.66
585040.24 4089782.46
585036.21 4089780.90
585019.83 4089767.41
585010.20 4089753.16
585001.21 4089737.41
584988.45 4089729.16
584968.27 4089736.91
584953.64 4089736.41
584938.45 4089728.91
584920.89 4089718.91
584902.71 4089706.66
584897.33 4089690.66
584897.34 4089689.25
584897.52 4089670.16
584890.89 4089656.91
584873.14 4089665.91
584851.01 4089686.66
584831.33 4089705.41
584802.58 4089716.66
584771.58 4089709.66
584748.45 4089700.91
584719.33 4089684.91
584714.57 4089670.16
584713.59 4089662.64
584712.27 4089652.41
584712.39 4089642.16
584675.07 4089653.41
584655.64 4089641.66
584638.69 4089627.91
584618.30 4089610.80
584586.45 4089603.16
584589.74 4089610.85
584592.45 4089617.17
584600.20 4089636.16
584602.41 4089653.17
584597.46 4089662.10
584592.58 4089670.91
584574.83 4089679.41
584549.83 4089683.42
584533.94 4089680.91
584506.01 4089673.16
584483.45 4089672.41
584452.95 4089674.67
584443.00 4089691.66
584427.26 4089681.67
584414.01 4089665.16
584384.26 4089647.92
584377.45 4089656.42
584368.20 4089672.17
584350.88 4089697.66
584328.76 4089719.42
584325.39 4089717.40
584314.19 4089710.67
584322.89 4089694.92
584321.76 4089682.67
584311.51 4089667.92
584300.07 4089651.42
584290.88 4089656.16
584268.20 4089670.17
584260.38 4089658.42
584248.88 4089644.17
584227.69 4089628.17
584208.83 4089628.67
584185.01 4089630.17
584161.82 4089633.67
584151.88 4089654.42
584137.19 4089656.67
584122.01 4089653.67
584098.88 4089644.92
584085.53 4089645.10
584080.00 4089645.17
584067.07 4089654.92
584049.82 4089676.67
584038.32 4089670.67
584029.51 4089659.30
584028.64 4089658.17
584012.82 4089646.02
584011.07 4089644.67
583994.07 4089640.17
583975.82 4089635.92
583965.88 4089655.92
583947.43 4089667.92
583923.82 4089652.42
583908.13 4089635.17
583896.01 4089624.18
583892.13 4089649.17
583912.75 4089666.43
583943.62 4089692.93
583923.43 4089698.17
583907.50 4089706.67
583873.25 4089720.42
583840.25 4089728.67
583801.12 4089736.17
583765.68 4089748.18
583745.62 4089738.17
583735.72 4089731.51
583727.44 4089725.92
583710.44 4089717.17
583684.24 4089716.92
583657.37 4089717.93
583647.18 4089701.92
583636.94 4089687.18
583606.50 4089677.18
583586.97 4089664.93
583575.00 4089657.43
583547.06 4089638.93
583507.43 4089638.68
583506.10 4089638.33
583476.44 4089630.43
583430.18 4089620.18
583416.68 4089626.18
583388.17 4089626.01
583373.99 4089625.93
583363.69 4089619.68
583334.62 4089599.18
583325.97 4089597.66
583317.56 4089596.18
583302.43 4089582.43
583278.12 4089572.43
583253.86 4089558.93
583233.81 4089546.43
583212.06 4089526.93
583200.50 4089522.44
583172.43 4089522.18
583144.87 4089535.44
583143.86 4089538.86
583137.37 4089560.94
583118.87 4089584.69
583105.43 4089583.19
583089.43 4089600.93
583081.73 4089613.61
583079.55 4089617.18
583061.87 4089619.43
583045.55 4089601.68
583044.42 4089590.18
583027.49 4089572.19
583019.18 4089549.69
583006.30 4089553.19
582995.18 4089572.69
582973.05 4089591.94
582935.18 4089600.69
582927.29 4089602.13
582911.99 4089604.94
582898.25 4089600.89
582888.25 4089597.94
582868.25 4089584.44
582852.93 4089589.68
582829.05 4089601.69
582803.43 4089608.19
582793.48 4089627.68
582778.67 4089640.95
582771.99 4089646.94
582737.67 4089664.44
582694.18 4089688.44
582672.67 4089707.19
582645.30 4089696.69
582629.18 4089694.04
582620.98 4089692.69
582592.23 4089700.94
582596.30 4089724.19
582591.24 4089750.44
582556.99 4089759.44
582529.61 4089755.44
582516.36 4089733.44
582508.61 4089712.44
582493.61 4089684.45
582475.93 4089681.20
582451.49 4089690.69
582435.86 4089714.57
582434.80 4089716.19
582433.99 4089741.19
582428.86 4089766.19
582407.55 4089761.69
582399.23 4089735.44
582386.55 4089725.44
582363.85 4089735.19
582357.52 4089741.83
582352.02 4089747.59
582346.67 4089753.20
582313.04 4089759.69
582298.43 4089762.31
582283.73 4089764.94
582265.29 4089783.69
582254.54 4089831.19
582243.73 4089884.94
582237.74 4089942.19
582240.92 4090000.69
582219.36 4090026.19
582183.86 4090042.94
582147.73 4090056.20
582079.35 4090069.70
582040.23 4090083.45
581993.23 4090086.70
581943.17 4090095.95
581910.35 4090080.95
581885.48 4090064.45
581858.17 4090051.20
581866.79 4090039.70
581866.29 4090030.51
581866.23 4090029.45
581860.60 4090023.50
581849.91 4090012.20
581838.91 4090018.70
581834.34 4090021.14
581815.04 4090031.45
581794.91 4090029.95
581795.21 4090027.50
581796.23 4090018.95
581795.73 4090006.20
581790.35 4089989.70
581764.85 4089978.45
581752.10 4089968.70
581737.04 4089949.45
581723.79 4089932.45
581709.22 4089922.95
581693.91 4089928.45
581667.60 4089940.95
581639.54 4089945.70
581617.54 4089949.20
581591.16 4089964.20
581589.16 4089985.45
581601.85 4090001.45
581608.40 4090021.20
581595.47 4090036.20
581570.97 4090048.20
581552.10 4090043.20
581536.80 4090036.15
581532.04 4090033.95
581508.35 4090027.45
581488.66 4090045.20
581472.22 4090043.70
581448.47 4090034.96
581419.97 4090021.96
581412.73 4090010.96
581420.17 4089994.46
581410.54 4089982.21
581360.60 4089974.96
581353.38 4089978.73
581340.97 4089985.21
581320.10 4090005.21
581293.04 4090042.87
581291.72 4090044.71
581268.22 4090083.46
581267.97 4090109.71
581274.97 4090146.96
581277.16 4090180.71
581278.03 4090222.21
581268.10 4090242.96
581253.53 4090232.46
581252.57 4090223.83
581250.72 4090207.21
581252.22 4090173.71
581241.47 4090144.46
581228.66 4090142.46
581193.28 4090148.21
581145.53 4090168.46
581131.59 4090178.82
581110.53 4090194.46
581126.59 4090173.96
581138.34 4090154.46
581130.47 4090145.51
581128.66 4090143.46
581104.22 4090153.46
581089.03 4090140.71
581071.22 4090159.96
581049.84 4090162.21
581030.84 4090177.46
581006.40 4090179.71
580984.29 4090199.46
580940.28 4090207.71
580917.65 4090218.46
580898.22 4090212.21
580896.02 4090210.89
580874.53 4090197.96
580877.22 4090170.46
580865.15 4090155.71
580852.34 4090154.46
580846.40 4090134.96
580812.09 4090158.46
580816.15 4090177.96
580796.46 4090201.71
580757.77 4090234.21
580728.47 4090240.22
580707.09 4090237.47
580674.77 4090238.47
580655.78 4090252.97
580633.47 4090272.52
580632.40 4090273.47
580600.84 4090258.47
580580.21 4090249.22
580573.19 4090252.41
580564.27 4090256.47
580560.74 4090272.14
580557.27 4090287.47
580540.15 4090298.22
580501.09 4090302.97
580440.71 4090302.97
580414.58 4090293.72
580396.59 4090282.02
580391.52 4090278.72
580380.02 4090270.22
580372.93 4090267.62
580357.53 4090261.97
580350.09 4090275.47
580347.51 4090289.47
580327.33 4090296.47
580324.15 4090296.85
580302.34 4090299.47
580279.15 4090294.22
580271.95 4090282.72
580258.11 4090269.67
580256.83 4090268.47
580248.83 4090277.47
580232.83 4090296.97
580216.50 4090293.35
580210.27 4090291.97
580188.33 4090289.22
580177.45 4090279.47
580169.08 4090258.47
580158.21 4090251.72
580146.08 4090239.97
580132.07 4090237.47
580119.26 4090238.72
580093.52 4090254.22
580066.58 4090269.97
580043.20 4090288.72
580014.39 4090308.47
579975.08 4090344.72
579982.26 4090358.97
579983.39 4090369.98
579947.95 4090378.72
579926.02 4090378.48
579906.52 4090374.73
579879.77 4090364.23
579864.64 4090352.98
579845.39 4090350.90
579841.45 4090350.48
579834.83 4090341.23
579819.01 4090342.97
579806.76 4090348.23
579787.14 4090358.48
579764.45 4090376.73
579739.88 4090393.48
579720.59 4090395.74
579705.70 4090397.48
579682.58 4090393.73
579651.51 4090391.48
579628.89 4090399.23
579628.27 4090389.56
579627.76 4090381.48
579608.32 4090377.23
579589.33 4090389.73
579582.52 4090401.23
579557.45 4090410.23
579537.82 4090422.23
579519.39 4090439.23
579506.94 4090468.48
579476.26 4090492.48
579443.83 4090500.23
579415.82 4090501.23
579408.08 4090510.59
579400.38 4090519.48
579396.86 4090520.98
579386.32 4090525.48
579375.26 4090533.73
579342.20 4090548.73
579317.70 4090561.98
579314.57 4090572.98
579316.76 4090601.23
579315.32 4090626.73
579282.69 4090665.48
579231.13 4090702.98
579155.76 4090747.98
579150.61 4090750.82
579149.71 4090751.31
579100.48 4090778.38
579097.57 4090779.99
579031.32 4090823.99
579001.76 4090860.24
578993.69 4090877.99
579001.51 4090889.49
579012.38 4090899.48
579012.19 4090925.74
578982.62 4090957.74
578949.51 4090986.24
578912.76 4090999.99
578864.50 4091013.49
578841.82 4091028.74
578828.32 4091038.99
578806.07 4091072.24
578797.13 4091083.12
578785.13 4091097.74
578750.31 4091099.99
578675.38 4091094.99
578658.94 4091088.24
578644.50 4091067.24
578635.25 4091080.49
578617.00 4091076.24
578595.73 4091073.09
578591.22 4091070.81
578555.00 4091052.49
578528.82 4091044.24
578505.06 4091043.49
578491.61 4091051.27
578483.00 4091056.24
578445.00 4091078.99
578413.25 4091082.99
578396.31 4091070.74
578393.62 4091066.17
578382.50 4091047.24
578365.31 4091059.50
578362.88 4091076.39
578362.69 4091077.75
578379.06 4091086.49
578393.69 4091088.24
578388.44 4091135.25
578372.13 4091190.75
578352.37 4091218.00
578313.56 4091262.75
578288.31 4091292.49
578258.62 4091341.75
578236.31 4091383.00
578206.94 4091400.49
578199.84 4091405.24
578159.06 4091432.50
578129.74 4091443.92
578107.06 4091452.75
578050.81 4091475.50
577987.87 4091490.25
577976.31 4091485.75
577944.12 4091467.75
577913.68 4091461.50
577865.61 4091442.18
577862.67 4091441.00
577829.81 4091430.75
577822.68 4091407.50
577818.00 4091383.75
577805.31 4091370.25
577801.24 4091351.25
577801.37 4091333.50
577792.92 4091320.00
577777.87 4091301.00
577765.87 4091273.50
577743.99 4091269.00
577734.05 4091286.50
577733.93 4091301.26
577727.12 4091314.00
577713.62 4091324.25
577696.99 4091342.50
577683.61 4091340.00
577644.55 4091345.75
577622.67 4091338.25
577609.80 4091347.25
577598.74 4091357.50
577580.80 4091387.25
577565.73 4091398.43
577563.61 4091400.01
577567.74 4091414.51
577559.05 4091429.75
577552.12 4091456.00
577552.03 4091467.55
577551.92 4091480.51
577540.80 4091498.50
577511.93 4091524.00
577469.05 4091545.50
577437.36 4091547.76
577424.61 4091541.51
577414.68 4091557.26
577398.80 4091565.76
577375.42 4091583.26
577357.18 4091584.26
577330.93 4091587.26
577323.68 4091575.01
577318.99 4091556.01
577304.86 4091568.01
577282.80 4091580.01
577279.62 4091599.01
577253.24 4091612.26
577203.05 4091636.26
577173.61 4091654.26
577129.11 4091653.76
577100.42 4091654.26
577086.42 4091651.01
577074.42 4091630.76
577058.11 4091611.01
577043.61 4091597.01
577045.67 4091569.01
577032.98 4091556.01
577031.44 4091558.87
577022.42 4091575.51
577010.18 4091581.51
577008.17 4091607.76
577002.48 4091630.26
576991.36 4091647.26
576989.98 4091667.26
577008.74 4091679.77
577011.92 4091685.87
577019.54 4091700.51
577024.86 4091726.76
577015.97 4091731.58
577013.79 4091732.76
577003.05 4091705.26
576986.11 4091692.26
576972.61 4091697.76
576944.79 4091675.51
576927.04 4091679.02
576925.05 4091698.51
576915.86 4091708.76
576905.26 4091730.78
576904.67 4091732.02
576914.86 4091750.26
576925.05 4091775.51
576923.55 4091806.01
576942.17 4091837.26
576952.29 4091864.26
576938.67 4091894.51
576907.23 4091930.26
576884.42 4091961.76
576878.06 4091981.63
576874.42 4091993.01
576866.28 4092013.03
576846.98 4092060.51
576813.11 4092103.51
576802.88 4092115.92
576757.68 4092170.76
576712.05 4092226.52
576706.92 4092254.02
576682.41 4092267.26
576658.42 4092298.01
576647.24 4092318.26
576609.73 4092353.76
576592.21 4092355.86
576580.48 4092357.27
576585.23 4092368.26
576574.11 4092389.52
576552.04 4092400.27
576548.57 4092406.29
576543.98 4092414.27
576520.67 4092434.76
576506.49 4092451.77
576484.92 4092479.02
576439.48 4092511.77
576358.60 4092559.77
576349.15 4092567.46
576301.48 4092606.27
576254.22 4092623.30
576250.52 4092624.63
576239.73 4092628.52
576221.98 4092636.27
576212.67 4092654.52
576196.79 4092658.52
576172.48 4092653.02
576167.16 4092630.27
576161.16 4092616.27
576144.04 4092625.77
576128.16 4092627.52
576126.38 4092633.57
576124.41 4092640.27
576122.30 4092669.52
576114.23 4092686.02
576043.85 4092714.77
575968.79 4092726.77
575903.48 4092730.52
575877.29 4092728.02
575848.72 4092715.52
575842.73 4092704.53
575847.16 4092688.03
575849.09 4092671.02
575838.29 4092654.28
575824.97 4092642.52
575812.91 4092627.78
575773.97 4092616.53
575728.29 4092608.28
575685.10 4092599.28
575678.11 4092585.47
575674.85 4092579.03
575666.53 4092558.28
575655.35 4092582.03
575640.53 4092600.28
575623.41 4092607.28
575607.59 4092603.03
575594.59 4092623.03
575595.97 4092604.78
575585.77 4092590.54
575583.97 4092588.03
575576.91 4092626.53
575560.42 4092620.79
575553.22 4092618.28
575534.47 4092601.03
575518.22 4092575.28
575503.09 4092559.28
575495.09 4092565.28
575472.34 4092586.03
575451.59 4092590.53
575423.59 4092586.78
575403.59 4092570.78
575384.09 4092566.28
575376.03 4092582.03
575363.03 4092607.53
575344.33 4092652.03
575342.96 4092674.53
575347.66 4092694.79
575340.85 4092708.79
575343.72 4092728.29
575326.91 4092773.28
575297.47 4092790.78
575282.72 4092800.28
575286.16 4092827.28
575284.87 4092850.72
575284.72 4092853.53
575286.40 4092875.53
575280.17 4092880.95
575269.15 4092890.53
575257.03 4092884.53
575246.03 4092889.78
575240.61 4092896.52
575238.59 4092899.04
575226.40 4092903.79
575217.72 4092916.53
575206.71 4092923.04
575200.65 4092913.79
575195.09 4092923.04
575193.72 4092942.53
575194.16 4092964.53
575197.65 4092987.03
575199.97 4093001.78
575198.59 4093018.78
575191.08 4093035.78
575194.47 4093070.03
575211.47 4093080.03
575227.90 4093084.28
575233.35 4093093.53
575225.78 4093122.28
575207.22 4093153.78
575184.40 4093184.03
575159.51 4093217.95
575147.34 4093234.53
575126.96 4093264.28
575108.25 4093290.52
575066.54 4093349.04
575040.66 4093378.29
574976.09 4093440.04
574932.53 4093470.04
574925.00 4093471.99
574923.64 4093472.34
574900.78 4093478.29
574878.90 4093467.79
574880.28 4093452.54
574890.15 4093436.79
574882.96 4093420.79
574870.71 4093425.29
574864.53 4093437.29
574858.28 4093454.29
574853.21 4093475.54
574851.90 4093489.54
574857.78 4093512.29
574851.53 4093532.29
574847.19 4093532.29
574840.59 4093532.29
574833.71 4093545.54
574834.65 4093553.01
574835.46 4093559.54
574820.78 4093562.54
574803.65 4093567.29
574796.28 4093578.29
574782.21 4093580.54
574767.09 4093569.54
574764.73 4093574.56
574761.46 4093581.54
574757.73 4093597.13
574757.09 4093599.79
574750.28 4093612.04
574736.90 4093605.79
574724.03 4093611.29
574709.34 4093620.79
574697.21 4093613.29
574693.22 4093621.13
574690.34 4093626.79
574681.90 4093620.04
574669.46 4093645.54
574660.77 4093666.79
574650.72 4093697.13
574647.03 4093708.29
574653.65 4093718.04
574646.83 4093725.79
574637.65 4093733.79
574633.84 4093747.04
574633.72 4093761.29
574633.65 4093772.79
574618.40 4093769.54
574605.59 4093770.04
574605.85 4093779.78
574606.09 4093788.29
574598.09 4093798.79
574585.02 4093827.79
574580.59 4093842.54
574569.46 4093861.29
574548.02 4093872.04
574537.89 4093876.39
574511.34 4093887.79
574447.09 4093911.54
574400.09 4093921.04
574387.96 4093912.79
574374.65 4093901.29
574362.52 4093888.79
574345.52 4093879.04
574319.33 4093877.04
574303.52 4093870.79
574290.78 4093863.30
574273.76 4093858.80
574253.08 4093852.04
574223.15 4093856.55
574186.40 4093875.80
574165.14 4093867.04
574147.52 4093858.30
574148.02 4093871.29
574144.83 4093885.30
574148.96 4093903.55
574142.77 4093917.55
574129.39 4093910.05
574105.15 4093896.54
574088.14 4093886.55
574086.36 4093899.22
574084.28 4093914.05
574080.76 4093933.66
574063.96 4093935.80
574057.96 4093924.80
574046.96 4093924.80
574036.99 4093925.86
574016.46 4093928.05
574008.58 4093920.05
573995.27 4093907.05
573984.21 4093915.55
573962.27 4093916.05
573952.52 4093919.55
573948.01 4093926.26
573938.27 4093940.80
573938.77 4093954.80
573965.45 4093971.55
573986.02 4093989.55
573988.34 4094006.04
573996.08 4094025.55
573977.84 4094022.30
573978.10 4094028.55
573978.33 4094034.05
573982.52 4094044.30
573984.21 4094062.80
573973.15 4094073.55
573960.27 4094083.80
573941.90 4094088.55
573936.90 4094102.05
573948.45 4094111.30
573955.71 4094118.55
573981.83 4094130.55
573982.96 4094142.05
573927.07 4094255.04
573874.52 4094343.30
573864.90 4094348.73
573858.58 4094352.30
573840.89 4094350.30
573831.71 4094358.80
573846.77 4094377.05
573823.96 4094407.55
573807.33 4094428.05
573796.71 4094456.55
573782.70 4094458.30
573735.08 4094464.05
573735.76 4094451.80
573728.43 4094440.59
573722.52 4094431.55
573711.52 4094436.30
573702.46 4094424.05
573708.70 4094412.55
573696.57 4094403.30
573684.83 4094418.55
573685.27 4094442.30
573685.02 4094468.55
573685.52 4094483.80
573665.82 4094501.30
573666.95 4094512.30
573672.89 4094531.80
573665.52 4094541.55
573638.58 4094554.80
573628.77 4094563.30
573628.30 4094565.23
573624.95 4094579.05
573618.01 4094605.30
573610.20 4094595.55
573606.64 4094579.05
573605.64 4094557.55
573592.89 4094550.80
573598.59 4094541.02
573600.33 4094538.05
573594.95 4094519.55
573579.77 4094517.80
573564.58 4094507.30
573557.77 4094520.55
573555.76 4094537.55
573551.33 4094557.06
573537.95 4094555.30
573532.09 4094555.52
573524.52 4094555.81
573521.07 4094534.80
573502.13 4094532.30
573495.87 4094534.87
573491.76 4094536.56
573478.26 4094549.30
573482.45 4094559.05
573472.45 4094588.80
573457.14 4094595.80
573450.20 4094623.30
573436.83 4094619.05
573443.69 4094592.80
573426.76 4094582.30
573418.13 4094590.30
573394.63 4094632.06
573391.64 4094622.30
573378.82 4094622.80
573367.71 4094638.56
573356.77 4094636.06
573348.38 4094645.70
573342.63 4094652.31
573332.14 4094666.31
573322.20 4094685.31
573312.33 4094701.56
573305.26 4094692.49
573300.83 4094686.81
573280.13 4094687.81
573275.71 4094705.06
573279.89 4094715.31
573278.38 4094721.52
573275.45 4094733.56
573270.38 4094753.05
573259.89 4094771.31
573256.07 4094787.80
573254.69 4094808.56
573254.45 4094835.31
573253.61 4094845.62
573252.45 4094859.81
573236.51 4094865.06
573221.89 4094869.31
573199.26 4094872.06
573174.32 4094867.81
573152.45 4094857.06
573134.82 4094854.56
573114.64 4094862.31
573084.76 4094859.56
573078.77 4094844.81
573062.95 4094841.81
573057.70 4094846.97
573055.57 4094849.06
573049.17 4094854.41
573042.70 4094859.81
573037.89 4094847.06
573027.50 4094846.81
573019.51 4094859.06
573008.45 4094872.31
572994.88 4094885.06
572971.13 4094886.06
572951.57 4094889.06
572933.83 4094898.06
572934.24 4094889.45
572934.51 4094884.06
572923.57 4094880.81
572897.38 4094878.06
572877.82 4094884.81
572868.45 4094910.81
572871.95 4094926.81
572867.53 4094940.27
572866.94 4094942.06
572852.27 4094949.81
572852.13 4094965.56
572838.70 4094965.06
572833.38 4094944.81
572809.70 4094937.31
572798.07 4094942.56
572786.38 4094954.81
572765.51 4094970.31
572760.69 4094960.56
572768.13 4094946.56
572761.51 4094935.56
572751.13 4094938.56
572730.95 4094950.56
572716.82 4094959.06
572707.57 4094970.06
572699.51 4094987.06
572684.75 4095002.06
572669.38 4095014.07
572654.07 4095024.31
572655.20 4095037.81
572657.38 4095061.56
572664.57 4095081.31
572673.57 4095099.06
572680.40 4095111.37
572686.19 4095121.81
572697.57 4095143.81
572723.08 4095158.06
572759.69 4095150.56
572785.38 4095145.06
572807.88 4095148.31
572831.76 4095138.81
572823.64 4095162.56
572821.70 4095173.06
572817.20 4095201.31
572809.72 4095224.51
572804.14 4095241.81
572778.57 4095262.06
572733.16 4095265.72
572722.63 4095266.56
572730.50 4095288.53
572740.01 4095315.06
572729.76 4095325.06
572676.51 4095317.06
572646.20 4095299.06
572620.76 4095298.81
572622.94 4095342.06
572615.25 4095349.57
572572.19 4095333.81
572429.95 4095332.82
572423.94 4095406.35
572421.45 4095436.82
572454.14 4095480.32
572489.45 4095506.07
572496.83 4095533.81
572483.64 4095589.82
572437.57 4095632.57
572412.21 4095629.82
572374.51 4095581.06
572344.01 4095586.07
572256.95 4095666.57
572213.88 4095650.82
572193.46 4095666.07
572160.08 4095708.82
572132.20 4095701.07
572129.76 4095685.82
572099.26 4095685.57
572096.52 4095716.07
572106.39 4095746.57
572072.64 4095834.82
572049.52 4095860.32
571952.82 4095879.82
571934.89 4095897.57
571909.82 4095898.33
571868.83 4095899.57
571853.58 4095907.07
571860.01 4096041.57
571858.12 4096052.45
571854.71 4096072.07
571821.33 4096109.82
571708.77 4096205.57
571687.24 4096212.91
571665.46 4096220.33
571599.02 4096265.57
571576.14 4096265.33
571513.02 4096224.07
571479.96 4096226.33
571456.70 4096271.83
571453.84 4096315.08
571444.35 4096328.86
571443.52 4096330.08
571400.20 4096342.58
571361.89 4096372.58
571213.02 4096551.83
571067.65 4096619.08
571037.14 4096621.33
570960.58 4096663.83
570876.76 4096665.84
570864.02 4096673.34
570817.45 4096663.04
570780.33 4096654.84
570765.20 4096658.82
570724.33 4096669.59
570678.21 4096712.34
570619.77 4096719.34
570616.96 4096749.84
570595.12 4096787.29
570575.70 4096820.59
570572.77 4096863.84
570549.24 4096909.92
570518.52 4096970.09
570462.40 4097002.59
570451.34 4097109.09
570440.91 4097139.59
570420.34 4097167.34
570394.31 4097230.66
570386.96 4097236.77
570357.08 4097261.59
570312.53 4097298.60
570243.09 4097399.59
570191.91 4097444.84
570018.78 4097491.60
569834.97 4097599.35
569821.44 4097627.47
569814.28 4097642.35
569807.92 4097683.15
569800.84 4097728.60
569790.41 4097763.60
569733.78 4097852.35
569690.22 4097895.10
569659.66 4097902.60
569558.16 4097894.10
569407.84 4097943.60
569334.09 4097955.61
569319.33 4097952.69
569293.53 4097947.60
569280.90 4097934.85
569278.59 4097912.10
569262.94 4097902.06
569258.34 4097899.11
569221.56 4097907.81
569133.65 4097928.61
569110.65 4097943.61
569076.97 4098019.61
569063.72 4098087.86
568970.97 4098242.11
568965.41 4098295.36
568942.03 4098358.86
568872.91 4098421.61
568801.04 4098504.86
568790.60 4098542.86
568790.49 4098545.04
568784.42 4098672.36
568740.48 4098758.36
568732.61 4098788.86
568673.92 4098821.36
568609.23 4098960.36
568613.49 4099000.28
568616.29 4099026.61
568595.67 4099056.86
568559.23 4099160.61
568548.42 4099236.86
568537.02 4099248.08
568517.67 4099267.11
568514.94 4099306.92
568511.93 4099350.86
568493.68 4099406.61
568470.49 4099439.36
568415.42 4099537.77
568398.30 4099568.36
568413.18 4099606.61
568412.99 4099629.36
568384.86 4099651.86
568370.28 4099682.85
568353.81 4099717.86
568236.18 4099815.87
568184.75 4099886.61
568184.50 4099916.86
568128.74 4099985.45
568102.37 4100017.86
568015.31 4100095.86
567897.75 4100178.61
567849.07 4100231.62
567747.13 4100398.24
567717.69 4100446.37
567600.00 4100544.37
567593.60 4100555.19
567553.63 4100622.87
567512.56 4100668.12
567456.31 4100713.37
567430.62 4100746.12
567343.63 4100821.62
567291.82 4100940.62
567194.32 4101051.62
567130.07 4101139.87
567092.28 4101169.57
567066.14 4101190.12
566939.96 4101397.37
566888.71 4101450.38
566689.95 4101517.13
566654.08 4101554.88
566590.26 4101592.63
566549.48 4101682.66
566544.52 4101693.63
566508.70 4101721.38
566437.45 4101741.13
566378.71 4101789.13
566350.64 4101801.63
566367.90 4101875.38
566379.83 4101987.13
566318.21 4102075.63
566302.40 4102144.13
566271.58 4102202.13
566215.27 4102260.38
566182.91 4102315.56
566176.71 4102326.13
566130.52 4102389.13
566111.65 4102544.13
566116.40 4102584.63
566067.84 4102630.13
566062.41 4102644.97
566054.85 4102665.63
565993.71 4102693.13
565932.96 4102662.13
565923.28 4102601.13
565895.09 4102631.38
565894.78 4102674.63
565937.53 4102735.88
565918.18 4102813.04
565916.60 4102819.38
565893.59 4102839.63
565870.78 4102831.88
565870.96 4102808.88
565889.03 4102765.88
565881.77 4102717.63
565872.13 4102717.53
565858.90 4102717.39
565820.28 4102785.88
565796.91 4102861.88
565801.71 4102894.89
565834.66 4102912.88
565834.53 4102928.13
565819.16 4102948.38
565824.03 4102971.13
565846.72 4103001.88
565836.28 4103034.88
565803.35 4103024.38
565780.47 4103026.88
565762.41 4103064.88
565759.28 4103151.14
565730.97 4103201.63
565717.65 4103201.54
565692.84 4103201.39
565665.03 4103183.39
565657.53 4103168.13
565639.85 4103157.89
565622.03 4103160.39
565606.16 4103243.88
565542.41 4103284.14
565532.04 4103306.89
565534.28 4103347.63
565556.66 4103418.89
565554.04 4103434.14
565520.91 4103444.14
565473.59 4103517.85
565459.29 4103540.14
565435.66 4103646.63
565425.29 4103671.89
565405.49 4103696.28
565384.29 4103722.39
565353.05 4103740.58
565203.17 4103827.89
565127.10 4103809.39
565109.55 4103778.89
565094.73 4103725.39
565069.35 4103720.14
565059.10 4103732.89
565068.67 4103814.14
565141.92 4103868.14
565141.79 4103885.89
565118.80 4103911.14
565090.29 4103984.39
565089.73 4104065.89
565079.38 4104096.20
565042.99 4104202.64
565003.53 4104280.24
564994.05 4104298.89
564993.55 4104305.25
564988.43 4104369.89
564882.99 4104551.89
564735.05 4104642.39
564706.74 4104690.39
564634.57 4104728.53
564569.05 4104763.14
564513.36 4104823.07
564430.81 4104911.90
564430.49 4104913.12
564420.37 4104952.40
564412.69 4104957.65
564398.75 4105132.65
564349.19 4105310.15
564340.83 4105464.20
564340.38 4105472.65
564325.00 4105495.40
564318.43 4105491.26
564304.75 4105482.65
564284.88 4105418.90
564264.88 4105393.56
564236.81 4105398.15
564224.00 4105410.90
564213.56 4105451.40
564210.31 4105545.40
564182.00 4105598.40
564162.56 4105616.72
564125.75 4105651.40
564046.57 4105709.40
563895.24 4105886.62
563869.82 4105916.40
563649.50 4106173.90
563605.70 4106264.90
563592.88 4106274.90
563523.32 4106411.65
563505.50 4106430.23
563477.27 4106459.66
563431.32 4106492.41
563401.55 4106508.88
563372.57 4106524.90
563329.07 4106585.66
563323.82 4106605.91
563277.83 4106648.66
563188.52 4106701.41
563145.39 4106695.91
563017.45 4106822.16
562907.64 4106902.66
562853.89 4106957.91
562847.08 4106980.16
562846.50 4106982.02
562846.07 4106983.42
562834.10 4106997.50
562833.32 4106998.42
562997.14 4107365.46
563086.02 4107564.65
563147.65 4107702.66
562923.11 4108118.69
562744.48 4108449.66
562525.26 4108855.77
562406.93 4109075.01
562269.50 4109329.67
562127.43 4109592.83
561794.50 4110209.67
561729.61 4110329.85
561430.62 4110883.62
561331.73 4111066.79
561319.50 4111089.42
561144.95 4111412.93
561084.42 4111877.76
561063.27 4112040.18
561044.21 4112186.48
560970.25 4112754.18
560934.10 4113031.67
560856.10 4113630.61
560804.93 4114023.43
560741.93 4114507.02
560675.76 4115014.92
